Energies:     7.94328e-06     1.42889e-05     2.57040e-05     4.62381e-05     8.31764e-05     1.49624e-04     2.69153e-04     4.84172e-04     8.70964e-04     1.56675e-03     2.81838e-03     5.06991e-03     9.12011e-03     1.64059e-02     2.95121e-02     5.30884e-02     9.54993e-02     1.71791e-01     3.09030e-01     5.55904e-01     1.00000e+00
   82deg:     2.29755e-07     1.20015e-06     4.93114e-06     1.53693e-05     3.24714e-05     4.56740e-05     5.15721e-05     5.35025e-05     5.28207e-05     4.92881e-05     4.32378e-05     3.55729e-05     2.73498e-05     1.95470e-05     1.28776e-05     7.69452e-06     4.02625e-06     1.70543e-06     4.91535e-07     6.66379e-08     1.97773e-09
  Sc.N.0:     2.29755e-07     1.20015e-06     4.93114e-06     1.53693e-05     3.24714e-05     4.56740e-05     5.15721e-05     5.35025e-05     5.28207e-05     4.92881e-05     4.32378e-05     3.55729e-05     2.73498e-05     1.95470e-05     1.28776e-05     7.69452e-06     4.02625e-06     1.70543e-06     4.91535e-07     6.66379e-08     1.97773e-09
  Sc.N.0:     2.22048e-10     7.29918e-10     2.96403e-09     8.77188e-09     1.27914e-08     4.43386e-09     1.03477e-10     1.83961e-14     5.05694e-22     1.94110e-36     3.47454e-63    4.08472e-112    5.98904e-201     0.00000e+00     0.00000e+00     0.00000e+00     0.00000e+00     0.00000e+00     0.00000e+00     0.00000e+00     0.00000e+00
  Sc.N.1:     5.60267e-08     2.78627e-07     1.12629e-06     3.39024e-06     6.14656e-06     5.60200e-06     2.73485e-06     7.26996e-07     9.78134e-08     5.60349e-09     1.25929e-10     9.74057e-13     1.42763e-15     3.44921e-19     2.18124e-23     6.19586e-29     3.08526e-36     3.52849e-44     1.38014e-54     1.22091e-68     7.63688e-84
  Sc.N.2:     6.34636e-08     3.22856e-07     1.31018e-06     3.98777e-06     7.71951e-06     8.55937e-06     6.12208e-06     3.13089e-06     1.20699e-06     3.48062e-07     7.07905e-08     9.44465e-09     7.74722e-10     3.70047e-11     9.73960e-13     1.33204e-14     8.41388e-17     1.90733e-19     1.31601e-22     1.69192e-26     3.20410e-31
  Sc.N.3:     4.55759e-08     2.39285e-07     9.79061e-07     3.03485e-06     6.38552e-06     8.69582e-06     8.48002e-06     6.36686e-06     3.79656e-06     1.80975e-06     6.86731e-07     2.05281e-07     4.73739e-08     8.18482e-09     1.01866e-09     8.72168e-11     4.83191e-12     1.57173e-13     2.52834e-15     1.47313e-17     1.72288e-20
  Sc.N.4:     2.79809e-08     1.51625e-07     6.27959e-07     1.99165e-06     4.54228e-06     7.30424e-06     8.83713e-06     8.42803e-06     6.49739e-06     4.10558e-06     2.14354e-06     9.28135e-07     3.32903e-07     9.82222e-08     2.34754e-08     4.41735e-09     6.22280e-10     5.99239e-11     3.32835e-12     7.73665e-14     4.02491e-16
  Sc.N.5:     1.62695e-08     9.05321e-08     3.80377e-07     1.23648e-06     3.01928e-06     5.49763e-06     7.76540e-06     8.79799e-06     8.18447e-06     6.35669e-06     4.17121e-06     2.33028e-06     1.11199e-06     4.52471e-07     1.55656e-07     4.43942e-08     1.00827e-08     1.67987e-09     1.73929e-10     8.05059e-12     8.56373e-14
  Sc.N.6:     9.29027e-09     5.27766e-08     2.25118e-07     7.49835e-07     1.93588e-06     3.87075e-06     6.14805e-06     7.95927e-06     8.57740e-06     7.82218e-06     6.11128e-06     4.12526e-06     2.41732e-06     1.23023e-06     5.40834e-07     2.02219e-07     6.20525e-08     1.44581e-08     2.17063e-09     1.50005e-10     2.38473e-12
  Sc.N.7:     5.27473e-09     3.04501e-08     1.31834e-07     4.49443e-07     1.21491e-06     2.61332e-06     4.55434e-06     6.56354e-06     7.96760e-06     8.27137e-06     7.43040e-06     5.82591e-06     4.00851e-06     2.42444e-06     1.28425e-06     5.87809e-07     2.24792e-07     6.65454e-08     1.29239e-08     1.16608e-09     2.38617e-11
  Sc.N.8:     2.99086e-09     1.74890e-08     7.68079e-08     2.67631e-07     7.52109e-07     1.71652e-06     3.22680e-06     5.08063e-06     6.80762e-06     7.86937e-06     7.93504e-06     7.03844e-06     5.52318e-06     3.84334e-06     2.36505e-06     1.27121e-06     5.77751e-07     2.05783e-07     4.85753e-08     5.33460e-09     1.30521e-10
  Sc.N.9:     1.69659e-09     1.00274e-08     4.46375e-08     1.58740e-07     4.61359e-07     1.10640e-06     2.21592e-06     3.75893e-06     5.47552e-06     6.93355e-06     7.71078e-06     7.59207e-06     6.65610e-06     5.21005e-06     3.63311e-06     2.23101e-06     1.16876e-06     4.84114e-07     1.33734e-07     1.71500e-08     4.80954e-10
 Sc.N.10:     9.63564e-10     5.74763e-09     2.59135e-08     9.39222e-08     2.81193e-07     7.03540e-07     1.48737e-06     2.68937e-06     4.20933e-06     5.76597e-06     6.97795e-06     7.51804e-06     7.25167e-06     6.28002e-06     4.87418e-06     3.35337e-06     1.98218e-06     9.32791e-07     2.93954e-07     4.28290e-08     1.33992e-09
   68deg:     3.63981e-07     1.80135e-06     7.41529e-06     2.27618e-05     4.37167e-05     5.10961e-05     5.36397e-05     5.51438e-05     5.37375e-05     4.94780e-05     4.30512e-05     3.52898e-05     2.70859e-05     1.93297e-05     1.27026e-05     7.55045e-06     3.90845e-06     1.62200e-06     4.51563e-07     5.79770e-08     1.57509e-09
  Sc.N.0:     3.63981e-07     1.80135e-06     7.41529e-06     2.27618e-05     4.37167e-05     5.10961e-05     5.36397e-05     5.51438e-05     5.37375e-05     4.94780e-05     4.30512e-05     3.52898e-05     2.70859e-05     1.93297e-05     1.27026e-05     7.55045e-06     3.90845e-06     1.62200e-06     4.51563e-07     5.79770e-08     1.57509e-09
  Sc.N.0:     5.93009e-08     2.52788e-07     1.03993e-06     3.07772e-06     4.48608e-06     1.55378e-06     3.62112e-08     6.42131e-12     1.75718e-19     6.69028e-34     1.18028e-60    1.35221e-109    1.89466e-198     0.00000e+00     0.00000e+00     0.00000e+00     0.00000e+00     0.00000e+00     0.00000e+00     0.00000e+00     0.00000e+00
  Sc.N.1:     1.12238e-07     5.30408e-07     2.16183e-06     6.46215e-06     1.07823e-05     7.61626e-06     2.93484e-06     7.03135e-07     8.75521e-08     4.68717e-09     9.95545e-11     7.19769e-13     9.75488e-16     2.26904e-19     1.36257e-23     3.58470e-29     1.73137e-36     1.88446e-44     5.73735e-55     3.00143e-69     1.15939e-84
  Sc.N.2:     8.32509e-08     4.17960e-07     1.70482e-06     5.17653e-06     9.71313e-06     1.01163e-05     7.29304e-06     4.04448e-06     1.72079e-06     5.39985e-07     1.17329e-07     1.65610e-08     1.43012e-09     7.17013e-11     1.97381e-12     2.81897e-14     1.85456e-16     4.32638e-19     3.00615e-22     3.69061e-26     6.21513e-31
  Sc.N.3:     4.86578e-08     2.57665e-07     1.05876e-06     3.28738e-06     6.91246e-06     9.46976e-06     9.51603e-06     7.38847e-06     4.48280e-06     2.13074e-06     7.93899e-07     2.31255e-07     5.19701e-08     8.76927e-09     1.06920e-09     8.98068e-11     4.87298e-12     1.54170e-13     2.37668e-15     1.29356e-17     1.34903e-20
  Sc.N.4:     2.71304e-08     1.49604e-07     6.22295e-07     1.98161e-06     4.56573e-06     7.48785e-06     9.27858e-06     9.01699e-06     7.02805e-06     4.46842e-06     2.34706e-06     1.02565e-06     3.72814e-07     1.11795e-07     2.71669e-08     5.18434e-09     7.36051e-10     7.06255e-11     3.83912e-12     8.50605e-14     4.03326e-16
  Sc.N.5:     1.51174e-08     8.57348e-08     3.61811e-07     1.18167e-06     2.91753e-06     5.40717e-06     7.77692e-06     8.94252e-06     8.41599e-06     6.60150e-06     4.37220e-06     2.46374e-06     1.18407e-06     4.83932e-07     1.66576e-07     4.72955e-08     1.06169e-08     1.72950e-09     1.72357e-10     7.51172e-12     7.25349e-14
  Sc.N.6:     8.46479e-09     4.89684e-08     2.09761e-07     7.01895e-07     1.82900e-06     3.70751e-06     5.97292e-06     7.83243e-06     8.53708e-06     7.86494e-06     6.20048e-06     4.21782e-06     2.48657e-06     1.27075e-06     5.59709e-07     2.09016e-07     6.37209e-08     1.46162e-08     2.12993e-09     1.39950e-10     2.04163e-12
  Sc.N.7:     4.75866e-09     2.79445e-08     1.21467e-07     4.15861e-07     1.13258e-06     2.46224e-06     4.34074e-06     6.32603e-06     7.75973e-06     8.13250e-06     7.36757e-06     5.81852e-06     4.02691e-06     2.44593e-06     1.29835e-06     5.93491e-07     2.25343e-07     6.55821e-08     1.23400e-08     1.05685e-09     1.98347e-11
  Sc.N.8:     2.68371e-09     1.59511e-08     7.03134e-08     2.45954e-07     6.95476e-07     1.60084e-06     3.03830e-06     4.83053e-06     6.53327e-06     7.61809e-06     7.74196e-06     6.91404e-06     5.45604e-06     3.81214e-06     2.35028e-06     1.26119e-06     5.68784e-07     1.99044e-07     4.55018e-08     4.74365e-09     1.06508e-10
  Sc.N.9:     1.51772e-09     9.11319e-09     4.07091e-08     1.45287e-07     4.24487e-07     1.02520e-06     2.07005e-06     3.54140e-06     5.20189e-06     6.63925e-06     7.43700e-06     7.36926e-06     6.49497e-06     5.10331e-06     3.56437e-06     2.18436e-06     1.13496e-06     4.61608e-07     1.23418e-07     1.50161e-08     3.86165e-10
 Sc.N.10:     8.60494e-10     5.21292e-09     2.35803e-08     8.57478e-08     2.57903e-07     6.49183e-07     1.38213e-06     2.51781e-06     3.97040e-06     5.47791e-06     6.67364e-06     7.23293e-06     7.01115e-06     6.09302e-06     4.73511e-06     3.24983e-06     1.90429e-06     8.79348e-07     2.67997e-07     3.70128e-08     1.06047e-09
   54deg:     5.02125e-07     2.43990e-06     1.00610e-05     3.05064e-05     5.38378e-05     5.06361e-05     4.79489e-05     4.93358e-05     4.79140e-05     4.38287e-05     3.79770e-05     3.10750e-05     2.38209e-05     1.69620e-05     1.10983e-05     6.54537e-06     3.34466e-06     1.36158e-06     3.69472e-07     4.59460e-08     1.19826e-09
  Sc.N.0:     5.02125e-07     2.43990e-06     1.00610e-05     3.05064e-05     5.38378e-05     5.06361e-05     4.79489e-05     4.93358e-05     4.79140e-05     4.38287e-05     3.79770e-05     3.10750e-05     2.38209e-05     1.69620e-05     1.10983e-05     6.54537e-06     3.34466e-06     1.36158e-06     3.69472e-07     4.59460e-08     1.19826e-09
  Sc.N.0:     1.74258e-07     7.81020e-07     3.22106e-06     9.53292e-06     1.38940e-05     4.81154e-06     1.12103e-07     1.98696e-11     5.43250e-19     2.06513e-33     3.63305e-60    4.14161e-109    5.75245e-198     0.00000e+00     0.00000e+00     0.00000e+00     0.00000e+00     0.00000e+00     0.00000e+00     0.00000e+00     0.00000e+00
  Sc.N.1:     1.51585e-07     7.16686e-07     2.93441e-06     8.73976e-06     1.39452e-05     8.21664e-06     2.43351e-06     4.98213e-07     5.40994e-08     2.53741e-09     4.76753e-11     2.92018e-13     3.17445e-16     6.40848e-20     2.99404e-24     4.91604e-30     1.73807e-37     1.19596e-45     1.28512e-56     2.80112e-71     5.46951e-87
  Sc.N.2:     8.33439e-08     4.21761e-07     1.72507e-06     5.22973e-06     9.63706e-06     9.65267e-06     6.99395e-06     4.07884e-06     1.83038e-06     5.97245e-07     1.33368e-07     1.92410e-08     1.69218e-09     8.60775e-11     2.39072e-12     3.42191e-14     2.23654e-16     5.12205e-19     3.45283e-22     4.04659e-26     6.39805e-31
  Sc.N.3:     4.28973e-08     2.31278e-07     9.52712e-07     2.96254e-06     6.24842e-06     8.64430e-06     8.87118e-06     7.03027e-06     4.30577e-06     2.03729e-06     7.46039e-07     2.11472e-07     4.59597e-08     7.47597e-09     8.76618e-10     7.05562e-11     3.64684e-12     1.09021e-13     1.57379e-15     7.94104e-18     7.57003e-21
  Sc.N.4:     2.27711e-08     1.28311e-07     5.35336e-07     1.71026e-06     3.97650e-06     6.62718e-06     8.35192e-06     8.22125e-06     6.45497e-06     4.11749e-06     2.16656e-06     9.48957e-07     3.46090e-07     1.04107e-07     2.53127e-08     4.80795e-09     6.74286e-10     6.33261e-11     3.33791e-12     7.10477e-14     3.19606e-16
  Sc.N.5:     1.24375e-08     7.20862e-08     3.05259e-07     1.00083e-06     2.49320e-06     4.68447e-06     6.82897e-06     7.93971e-06     7.53525e-06     5.94875e-06     3.95968e-06     2.23913e-06     1.07747e-06     4.39406e-07     1.50202e-07     4.20870e-08     9.25174e-09     1.46287e-09     1.40274e-10     5.83380e-12     5.32113e-14
  Sc.N.6:     6.89642e-09     4.07456e-08     1.75176e-07     5.88509e-07     1.54535e-06     3.16719e-06     5.16029e-06     6.83544e-06     7.51451e-06     6.97214e-06     5.52742e-06     3.77454e-06     2.22917e-06     1.13824e-06     4.99266e-07     1.84866e-07     5.55664e-08     1.24815e-08     1.76870e-09     1.12201e-10     1.56459e-12
  Sc.N.7:     3.85517e-09     2.31091e-08     1.00824e-07     3.46550e-07     9.50056e-07     2.08420e-06     3.70999e-06     5.45664e-06     6.74846e-06     7.12254e-06     6.48949e-06     5.14651e-06     3.57027e-06     2.16879e-06     1.14786e-06     5.20953e-07     1.95271e-07     5.57163e-08     1.02052e-08     8.44745e-10     1.51760e-11
  Sc.N.8:     2.16656e-09     1.31404e-08     5.81408e-08     2.04155e-07     5.80627e-07     1.34678e-06     2.57775e-06     4.13248e-06     5.63220e-06     6.61191e-06     6.75744e-06     6.06092e-06     4.79573e-06     3.35271e-06     2.06214e-06     1.09937e-06     4.89819e-07     1.68204e-07     3.74768e-08     3.78245e-09     8.14604e-11
  Sc.N.9:     1.22251e-09     7.48901e-09     3.35783e-08     1.20281e-07     3.53249e-07     8.58862e-07     1.74714e-06     3.01150e-06     4.45511e-06     5.72268e-06     6.44552e-06     6.41444e-06     5.66943e-06     4.45823e-06     3.10736e-06     1.89255e-06     9.71858e-07     3.88069e-07     1.01189e-07     1.19284e-08     2.94506e-10
 Sc.N.10:     6.92122e-10     4.27713e-09     1.94182e-08     7.08637e-08     2.14139e-07     5.42218e-07     1.16208e-06     2.13144e-06     3.38329e-06     4.69616e-06     5.75142e-06     6.25982e-06     6.08510e-06     5.29292e-06     4.10533e-06     2.80067e-06     1.62222e-06     7.35583e-07     2.18689e-07     2.92723e-08     8.05499e-10
   39deg:     5.94145e-07     2.87122e-06     1.18510e-05     3.57138e-05     6.01926e-05     4.86838e-05     4.21198e-05     4.35862e-05     4.23457e-05     3.86013e-05     3.33723e-05     2.72856e-05     2.09037e-05     1.48651e-05     9.70040e-06     5.69403e-06     2.88791e-06     1.16312e-06     3.11347e-07     3.81011e-08     9.75104e-10
  Sc.N.0:     5.94145e-07     2.87122e-06     1.18510e-05     3.57138e-05     6.01926e-05     4.86838e-05     4.21198e-05     4.35862e-05     4.23457e-05     3.86013e-05     3.33723e-05     2.72856e-05     2.09037e-05     1.48651e-05     9.70040e-06     5.69403e-06     2.88791e-06     1.16312e-06     3.11347e-07     3.81011e-08     9.75104e-10
  Sc.N.0:     2.67452e-07     1.22284e-06     5.04822e-06     1.49406e-05     2.17748e-05     7.54023e-06     1.75660e-07     3.11285e-11     8.50782e-19     3.23218e-33     5.67983e-60    6.46210e-109    8.94430e-198     0.00000e+00     0.00000e+00     0.00000e+00     0.00000e+00     0.00000e+00     0.00000e+00     0.00000e+00     0.00000e+00
  Sc.N.1:     1.68957e-07     7.99857e-07     3.28248e-06     9.75713e-06     1.51853e-05     7.92143e-06     1.80026e-06     2.94171e-07     2.59702e-08     9.97428e-10     1.54330e-11     7.15039e-14     5.43305e-17     8.87912e-21     2.57706e-25     1.88653e-31     4.99171e-39     1.37122e-47     3.00140e-59     4.01342e-74     1.44483e-90
  Sc.N.2:     7.83432e-08     3.98142e-07     1.63052e-06     4.93718e-06     8.98912e-06     8.75762e-06     6.35058e-06     3.82422e-06     1.77142e-06     5.90278e-07     1.33701e-07     1.95140e-08     1.73326e-09     8.88626e-11     2.47985e-12     3.55300e-14     2.31348e-16     5.24842e-19     3.48420e-22     3.99503e-26     6.13842e-31
  Sc.N.3:     3.74138e-08     2.04115e-07     8.41838e-07     2.62040e-06     5.54089e-06     7.71817e-06     8.01633e-06     6.42046e-06     3.94281e-06     1.85112e-06     6.65440e-07     1.83308e-07     3.84041e-08     5.99013e-09     6.71165e-10     5.14513e-11     2.52285e-12     7.12166e-14     9.66244e-16     4.55872e-18     4.03527e-21
  Sc.N.4:     1.92972e-08     1.10388e-07     4.61424e-07     1.47769e-06     3.45875e-06     5.82782e-06     7.41927e-06     7.35323e-06     5.78955e-06     3.69178e-06     1.93941e-06     8.48380e-07     3.09279e-07     9.29949e-08     2.25630e-08     4.26195e-09     5.91651e-10     5.47222e-11     2.82735e-12     5.87424e-14     2.56588e-16
  Sc.N.5:     1.04069e-08     6.12715e-08     2.60115e-07     8.55430e-07     2.14525e-06     4.06976e-06     5.98516e-06     7.00512e-06     6.67819e-06     5.28714e-06     3.52516e-06     1.99437e-06     9.58525e-07     3.89442e-07     1.32169e-07     3.66086e-08     7.91367e-09     1.22359e-09     1.14127e-10     4.59568e-12     4.04063e-14
  Sc.N.6:     5.72881e-09     3.43835e-08     1.48257e-07     4.99743e-07     1.32016e-06     2.72779e-06     4.47956e-06     5.97335e-06     6.60130e-06     6.14898e-06     4.88793e-06     3.34233e-06     1.97351e-06     1.00565e-06     4.39250e-07     1.61525e-07     4.80603e-08     1.06476e-08     1.48293e-09     9.21493e-11     1.25352e-12
  Sc.N.7:     3.18724e-09     1.94078e-08     8.49464e-08     2.92989e-07     8.07564e-07     1.78409e-06     3.19857e-06     4.73486e-06     5.88772e-06     6.24114e-06     5.70473e-06     4.53328e-06     3.14702e-06     1.91003e-06     1.00806e-06     4.55058e-07     1.69107e-07     4.76588e-08     8.59125e-09     6.97580e-10     1.22457e-11
  Sc.N.8:     1.78532e-09     1.09998e-08     4.88329e-08     1.72072e-07     4.91791e-07     1.14781e-06     2.21123e-06     3.56662e-06     4.88718e-06     5.76306e-06     5.91059e-06     5.31437e-06     4.21033e-06     2.94293e-06     1.80640e-06     9.58674e-07     4.23864e-07     1.43929e-07     3.16058e-08     3.13484e-09     6.61234e-11
  Sc.N.9:     1.00510e-09     6.25499e-09     2.81415e-08     1.01156e-07     2.98429e-07     7.29615e-07     1.49303e-06     2.58829e-06     3.84896e-06     4.96624e-06     5.61395e-06     5.60203e-06     4.95936e-06     3.90080e-06     2.71458e-06     1.64673e-06     8.39651e-07     3.31763e-07     8.53328e-08     9.89636e-09     2.39641e-10
 Sc.N.10:     5.68138e-10     3.56681e-09     1.62493e-08     5.95009e-08     1.80561e-07     4.59500e-07     9.90147e-07     1.82582e-06     2.91259e-06     4.06058e-06     4.99133e-06     5.44798e-06     5.30556e-06     4.61720e-06     3.57670e-06     2.43112e-06     1.39872e-06     6.27844e-07     1.84217e-07     2.42755e-08     6.55800e-10
   25deg:     6.52823e-07     3.14865e-06     1.30027e-05     3.90621e-05     6.42407e-05     4.72915e-05     3.82138e-05     3.97476e-05     3.86392e-05     3.51369e-05     3.03274e-05     2.47788e-05     1.89718e-05     1.34766e-05     8.77750e-06     5.13652e-06     2.59322e-06     1.03788e-06     2.75674e-07     3.34394e-08     8.47443e-10
  Sc.N.0:     6.52823e-07     3.14865e-06     1.30027e-05     3.90621e-05     6.42407e-05     4.72915e-05     3.82138e-05     3.97476e-05     3.86392e-05     3.51369e-05     3.03274e-05     2.47788e-05     1.89718e-05     1.34766e-05     8.77750e-06     5.13652e-06     2.59322e-06     1.03788e-06     2.75674e-07     3.34394e-08     8.47443e-10
  Sc.N.0:     3.28163e-07     1.51476e-06     6.25633e-06     1.85161e-05     2.69854e-05     9.34431e-06     2.17677e-07     3.85707e-11     1.05401e-18     4.00307e-33     7.03077e-60    7.99156e-109    1.10429e-197     0.00000e+00     0.00000e+00     0.00000e+00     0.00000e+00     0.00000e+00     0.00000e+00     0.00000e+00     0.00000e+00
  Sc.N.1:     1.78581e-07     8.45434e-07     3.47410e-06     1.03147e-05     1.58109e-05     7.58759e-06     1.34325e-06     1.62322e-07     1.06874e-08     3.11530e-10     3.61755e-12     1.09053e-14     5.06134e-18     6.13700e-22     7.87187e-27     1.77538e-33     3.81044e-41     2.12483e-50     4.78495e-63     5.76483e-78     1.07312e-95
  Sc.N.2:     7.49023e-08     3.81188e-07     1.56197e-06     4.72473e-06     8.52158e-06     8.10844e-06     5.84817e-06     3.58805e-06     1.69336e-06     5.70772e-07     1.30326e-07     1.91573e-08     1.71297e-09     8.83237e-11     2.47446e-12     3.55108e-14     2.30920e-16     5.21440e-19     3.43244e-22     3.88915e-26     5.88445e-31
  Sc.N.3:     3.40429e-08     1.87084e-07     7.71980e-07     2.40407e-06     5.08776e-06     7.10359e-06     7.41239e-06     5.96062e-06     3.65638e-06     1.70215e-06     6.01717e-07     1.61556e-07     3.27171e-08     4.90101e-09     5.24975e-10     3.83342e-11     1.78412e-12     4.76301e-14     6.09015e-16     2.69684e-18     2.22906e-21
  Sc.N.4:     1.72060e-08     9.94387e-08     4.16119e-07     1.33472e-06     3.13711e-06     5.31899e-06     6.80403e-06     6.75966e-06     5.32011e-06     3.38371e-06     1.77154e-06     7.72661e-07     2.81107e-07     8.43799e-08     2.04185e-08     3.83848e-09     5.28837e-10     4.84009e-11     2.46829e-12     5.05065e-14     2.16716e-16
  Sc.N.5:     9.18962e-09     5.47106e-08     2.32664e-07     7.66826e-07     1.93163e-06     3.68642e-06     5.44725e-06     6.39479e-06     6.10477e-06     4.83416e-06     3.22133e-06     1.82014e-06     8.72729e-07     3.53161e-07     1.19098e-07     3.26828e-08     6.97517e-09     1.06072e-09     9.69501e-11     3.81329e-12     3.26603e-14
  Sc.N.6:     5.02855e-09     3.05292e-08     1.31926e-07     4.45809e-07     1.18262e-06     2.45662e-06     4.05318e-06     5.42390e-06     6.00831e-06     5.60432e-06     4.45721e-06     3.04663e-06     1.79640e-06     9.13074e-07     3.97268e-07     1.45292e-07     4.29158e-08     9.41958e-09     1.29716e-09     7.95491e-11     1.06568e-12
  Sc.N.7:     2.78602e-09     1.71648e-08     7.53162e-08     2.60472e-07     7.20739e-07     1.59989e-06     2.88129e-06     4.28120e-06     5.33879e-06     5.67048e-06     5.18907e-06     4.12483e-06     2.86191e-06     1.73435e-06     9.12899e-07     4.10396e-07     1.51600e-07     4.23820e-08     7.56348e-09     6.06853e-10     1.05070e-11
  Sc.N.8:     1.55593e-09     9.70139e-09     4.31846e-08     1.52592e-07     4.37709e-07     1.02603e-06     1.98510e-06     3.21397e-06     4.41746e-06     5.22126e-06     5.36336e-06     4.82633e-06     3.82382e-06     2.67046e-06     1.63592e-06     8.65257e-07     3.80594e-07     1.28324e-07     2.79311e-08     2.74197e-09     5.71598e-11
  Sc.N.9:     8.74078e-10     5.50565e-09     2.48398e-08     8.95386e-08     2.65063e-07     6.50628e-07     1.33677e-06     2.32594e-06     3.46969e-06     4.48811e-06     5.08286e-06     5.07800e-06     4.49740e-06     3.53594e-06     2.45697e-06     1.48616e-06     7.54295e-07     2.96121e-07     7.55545e-08     8.68136e-09     2.08026e-10
 Sc.N.10:     4.93326e-10     3.13505e-09     1.43233e-08     5.25947e-08     1.60121e-07     4.08990e-07     8.84637e-07     1.63705e-06     2.61962e-06     3.66162e-06     4.51001e-06     4.92952e-06     4.80404e-06     4.18023e-06     3.23440e-06     2.19286e-06     1.25630e-06     5.60523e-07     1.63228e-07     2.13258e-08     5.70651e-10
   11deg:     6.92976e-07     3.33949e-06     1.37942e-05     4.13775e-05     6.72334e-05     4.70445e-05     3.64349e-05     3.79978e-05     3.69360e-05     3.35256e-05     2.88961e-05     2.35884e-05     1.80449e-05     1.28036e-05     8.32613e-06     4.86199e-06     2.44760e-06     9.76015e-07     2.58124e-07     3.11631e-08     7.85777e-10
  Sc.N.0:     6.92976e-07     3.33949e-06     1.37942e-05     4.13775e-05     6.72334e-05     4.70445e-05     3.64349e-05     3.79978e-05     3.69360e-05     3.35256e-05     2.88961e-05     2.35884e-05     1.80449e-05     1.28036e-05     8.32613e-06     4.86199e-06     2.44760e-06     9.76015e-07     2.58124e-07     3.11631e-08     7.85777e-10
  Sc.N.0:     3.59997e-07     1.66888e-06     6.89434e-06     2.04043e-05     2.97371e-05     1.02970e-05     2.39865e-07     4.25005e-11     1.16131e-18     4.41000e-33     7.74361e-60    8.79804e-109    1.21481e-197     0.00000e+00     0.00000e+00     0.00000e+00     0.00000e+00     0.00000e+00     0.00000e+00     0.00000e+00     0.00000e+00
  Sc.N.1:     1.89542e-07     8.96604e-07     3.68731e-06     1.09405e-05     1.66194e-05     7.56443e-06     1.10229e-06     9.67694e-08     4.36906e-09     8.75664e-11     6.50908e-13     1.01881e-15     2.64859e-19     1.87143e-23     6.52809e-29     3.73385e-36     4.92045e-44     2.47620e-54     2.70239e-68     2.63090e-83    6.73494e-103
  Sc.N.2:     7.53007e-08     3.82623e-07     1.56838e-06     4.73890e-06     8.46554e-06     7.84588e-06     5.57838e-06     3.44723e-06     1.64176e-06     5.56373e-07     1.27560e-07     1.88261e-08     1.69034e-09     8.74810e-11     2.45746e-12     3.53146e-14     2.29549e-16     5.17074e-19     3.38777e-22     3.81413e-26     5.72462e-31
  Sc.N.3:     3.29735e-08     1.81669e-07     7.49717e-07     2.33414e-06     4.92826e-06     6.85240e-06     7.13834e-06     5.73763e-06     3.50932e-06     1.62200e-06     5.66431e-07     1.49379e-07     2.95416e-08     4.29981e-09     4.45732e-10     3.13946e-11     1.40497e-12     3.59530e-14     4.39209e-16     1.85085e-18     1.44885e-21
  Sc.N.4:     1.63908e-08     9.52289e-08     3.98687e-07     1.27955e-06     3.01075e-06     5.11112e-06     6.53987e-06     6.49068e-06     5.09494e-06     3.22784e-06     1.68278e-06     7.31279e-07     2.65350e-07     7.94907e-08     1.91931e-08     3.59674e-09     4.93296e-10     4.48810e-11     2.27252e-12     4.61242e-14     1.96082e-16
  Sc.N.5:     8.68860e-09     5.20534e-08     2.21560e-07     7.30992e-07     1.84482e-06     3.52821e-06     5.21879e-06     6.12543e-06     5.84051e-06     4.61631e-06     3.06955e-06     1.73031e-06     8.27388e-07     3.33639e-07     1.11988e-07     3.05397e-08     6.46486e-09     9.73083e-10     8.78458e-11     3.40605e-12     2.87132e-14
  Sc.N.6:     4.73365e-09     2.89320e-08     1.25175e-07     4.23546e-07     1.12577e-06     2.34359e-06     3.87221e-06     5.18445e-06     5.74162e-06     5.35117e-06     4.25054e-06     2.90053e-06     1.70663e-06     8.65139e-07     3.75180e-07     1.36667e-07     4.01739e-08     8.76734e-09     1.19935e-09     7.29980e-11     9.69653e-13
  Sc.N.7:     2.61482e-09     1.62226e-08     7.12846e-08     2.46888e-07     6.84461e-07     1.52254e-06     2.74646e-06     4.08481e-06     5.09558e-06     5.41104e-06     4.94835e-06     3.92917e-06     2.72202e-06     1.64633e-06     8.64397e-07     3.87361e-07     1.42518e-07     3.96453e-08     7.03330e-09     5.60490e-10     9.63071e-12
  Sc.N.8:     1.45718e-09     9.15111e-09     4.08001e-08     1.44389e-07     4.14948e-07     9.74620e-07     1.88886e-06     3.06186e-06     4.21130e-06     4.97857e-06     5.11281e-06     4.59786e-06     3.63895e-06     2.53754e-06     1.55136e-06     8.18338e-07     3.58701e-07     1.20413e-07     2.60738e-08     2.54482e-09     5.27131e-11
  Sc.N.9:     8.17334e-10     5.18609e-09     2.34377e-08     8.46188e-08     2.50949e-07     6.17156e-07     1.27018e-06     2.21304e-06     3.30426e-06     4.27614e-06     4.84311e-06     4.83691e-06     4.28080e-06     3.36178e-06     2.33206e-06     1.40733e-06     7.12058e-07     2.78432e-07     7.07097e-08     8.08287e-09     1.92610e-10
 Sc.N.10:     4.60781e-10     2.95008e-09     1.35019e-08     4.96582e-08     1.51443e-07     3.87523e-07     8.39618e-07     1.55591e-06     2.49237e-06     3.48605e-06     4.29500e-06     4.69413e-06     4.57254e-06     3.97528e-06     3.07150e-06     2.07813e-06     1.18718e-06     5.27739e-07     1.53018e-07     1.98985e-08     5.29825e-10


 Cosines:     1.25233e-01     3.67831e-01     5.87318e-01     7.69903e-01     9.04117e-01     9.81561e-01
  Angles:     8.28058e+01     6.84181e+01     5.40331e+01     3.96549e+01     2.52953e+01     1.10200e+01
7.94e-06:     2.29755e-07     3.63981e-07     5.02125e-07     5.94145e-07     6.52823e-07     6.92976e-07
1.43e-05:     1.20015e-06     1.80135e-06     2.43990e-06     2.87122e-06     3.14865e-06     3.33949e-06
2.57e-05:     4.93114e-06     7.41529e-06     1.00610e-05     1.18510e-05     1.30027e-05     1.37942e-05
4.62e-05:     1.53693e-05     2.27618e-05     3.05064e-05     3.57138e-05     3.90621e-05     4.13775e-05
8.32e-05:     3.24714e-05     4.37167e-05     5.38378e-05     6.01926e-05     6.42407e-05     6.72334e-05
1.50e-04:     4.56740e-05     5.10961e-05     5.06361e-05     4.86838e-05     4.72915e-05     4.70445e-05
2.69e-04:     5.15721e-05     5.36397e-05     4.79489e-05     4.21198e-05     3.82138e-05     3.64349e-05
4.84e-04:     5.35025e-05     5.51438e-05     4.93358e-05     4.35862e-05     3.97476e-05     3.79978e-05
8.71e-04:     5.28207e-05     5.37375e-05     4.79140e-05     4.23457e-05     3.86392e-05     3.69360e-05
1.57e-03:     4.92881e-05     4.94780e-05     4.38287e-05     3.86013e-05     3.51369e-05     3.35256e-05
2.82e-03:     4.32378e-05     4.30512e-05     3.79770e-05     3.33723e-05     3.03274e-05     2.88961e-05
5.07e-03:     3.55729e-05     3.52898e-05     3.10750e-05     2.72856e-05     2.47788e-05     2.35884e-05
9.12e-03:     2.73498e-05     2.70859e-05     2.38209e-05     2.09037e-05     1.89718e-05     1.80449e-05
1.64e-02:     1.95470e-05     1.93297e-05     1.69620e-05     1.48651e-05     1.34766e-05     1.28036e-05
2.95e-02:     1.28776e-05     1.27026e-05     1.10983e-05     9.70040e-06     8.77750e-06     8.32613e-06
5.31e-02:     7.69452e-06     7.55045e-06     6.54537e-06     5.69403e-06     5.13652e-06     4.86199e-06
9.55e-02:     4.02625e-06     3.90845e-06     3.34466e-06     2.88791e-06     2.59322e-06     2.44760e-06
1.72e-01:     1.70543e-06     1.62200e-06     1.36158e-06     1.16312e-06     1.03788e-06     9.76015e-07
3.09e-01:     4.91535e-07     4.51563e-07     3.69472e-07     3.11347e-07     2.75674e-07     2.58124e-07
5.56e-01:     6.66379e-08     5.79770e-08     4.59460e-08     3.81011e-08     3.34394e-08     3.11631e-08
1.00e+00:     1.97773e-09     1.57509e-09     1.19826e-09     9.75104e-10     8.47443e-10     7.85777e-10
